1.311963 0.635316 1
-8.939991 -1.863688 0
9.389791 0.774314 1
5.811452 31.621573 0
0.961852 0.513519 1
13.382891 -7.997862 1
1.763134 -0.452161 0
-1.828982 -1.409626 0
-1.981197 -5.263024 0
-1.448674 -4.461321 0
-2.090401 -21.720471 1
-13.975900 1.229676 0
-13.369158 -0.856277 0
1.010464 4.201474 1
-4.121774 -3.700629 0
2.530429 -6.825756 0
2.005819 13.938447 0
-1.723122 1.631013 1
-12.697707 -0.271178 0
-9.025598 11.645934 0
18.392457 -5.143213 1
1.360348 6.061811 1
14.519386 -11.317480 1
0.936123 6.089907 1
-1.905891 -5.684355 0
-10.663713 -0.236213 0
1.852907 1.384605 1
4.562895 5.694467 1
7.769766 -22.018882 1
-2.466151 -1.176871 0
4.644303 -5.464126 0
-20.361041 8.712904 0
-1.483202 1.246509 1
-8.034169 -19.512395 1
2.766054 -4.024759 0
0.160333 4.816085 1
-0.464337 8.280147 1
-1.982185 -4.974358 0
10.793587 -8.213863 1
-1.658693 -3.354200 0
-13.348125 5.341041 0
-2.136455 1.917878 1
1.326710 3.225983 1
-2.139659 1.271100 1
4.183773 17.139858 0
-14.244879 4.016909 0
-0.446077 4.379364 1
-2.526290 -5.019161 0
5.122861 8.921123 1
0.883635 -0.786425 0
-1.180567 5.636464 1
15.725129 -2.150124 1
-1.378205 1.359586 1
2.183395 5.404491 1
-23.477317 -14.073997 1
-2.322393 -3.677945 0
2.215316 7.706520 1
-19.143418 -11.541731 1
-6.570142 -8.576981 0
-13.487540 -15.554875 1
-0.191974 0.058983 1
-2.218981 -12.028004 0
0.484637 0.147309 0
-6.957340 -3.452732 0
-13.628492 5.698430 0
6.700206 0.726458 1
0.542654 -0.801058 0
-15.190085 6.644769 0
-20.930852 -14.743341 1
1.311765 -4.937150 0
-18.761671 -12.843304 1
-10.608244 2.011757 0
-1.279355 -10.654248 0
-9.200521 -18.844496 1
-9.159836 -6.523126 0
0.887922 3.388296 1
4.259390 3.763808 1
-0.958346 0.065251 0
4.028587 7.148066 1
-10.925267 -5.814003 0
2.023704 9.644316 1
1.334283 -0.566235 0
2.288288 6.298027 1
15.857002 18.417518 0
26.242850 9.900646 0
15.426419 -7.697647 1
-0.921967 -7.691503 0
5.886668 5.327398 1
-11.247792 18.129458 0
-0.791722 -8.662155 0
-12.604524 -2.743506 0
-2.863774 -2.219678 0
1.266168 0.588363 1
8.567032 11.387180 0
0.493668 -4.986751 0
-1.929863 1.067497 1
-0.386525 5.805491 1
15.004897 1.094580 1
16.267533 8.475317 0
-2.698049 -4.058166 0
0.108496 0.024016 0
-5.518894 -3.239426 0
0.368947 -5.600446 0
-16.312222 3.094938 0
3.676744 -3.089381 0
1.976286 6.091918 1
4.325635 -23.389609 1
-6.268929 -7.559672 0
-2.511255 3.177570 1
3.828673 8.054354 1
7.942940 20.141267 0
11.556822 -14.263940 1
11.773751 -10.229494 1
8.835184 7.266478 1
0.012962 15.866417 0
1.846620 4.607812 1
-1.451943 1.830681 1
-2.661321 3.059666 1
-0.933392 4.222805 1
-2.890748 -6.967314 0
0.796802 6.320520 1
-4.087655 -10.860542 0
-0.880589 0.188568 1
-2.172236 -3.377939 0
-2.238135 1.395005 1
21.895814 15.146251 0
-6.083030 11.145375 0
-3.190637 -2.597593 0
7.046021 16.858383 0
13.669254 11.969655 0
0.122361 -0.052819 0
-0.159936 0.009504 0
2.634571 -1.700678 0
0.412429 -0.013304 1
14.187458 20.049853 0
1.278239 -3.483172 0
1.398210 2.693052 1
4.745220 8.319889 1
-4.226355 -4.727049 0
-8.522474 12.244561 0
-0.453930 -6.429517 0
-12.953099 6.630653 0
1.269768 0.318379 1
15.560713 11.573042 0
-2.546699 -1.782284 0
-1.988744 -0.945575 0
-7.813348 -16.864181 1
3.475717 7.273598 1
-1.873090 3.239447 1
8.640741 19.814626 0
-7.806188 -2.231244 0
-3.040345 -1.581469 0
3.299480 6.003167 1
-2.668384 -4.750297 0
-13.914945 6.927083 0
-2.100287 -6.876103 0
-0.075486 5.381277 1
0.674261 -0.241037 0
-2.519950 4.281459 1
-0.802961 0.282263 1
6.917790 7.289099 1
-2.899305 6.475512 1
4.550660 14.715140 0
9.004009 -16.212340 1
-2.085086 0.000781 0
-6.750655 -15.157712 1
-18.851845 4.588413 0
-9.321118 -0.696698 0
-10.924450 -4.733670 0
13.632520 13.777716 0
-5.408270 -9.244848 0
-1.113212 0.402217 1
1.589987 7.001494 1
-4.327382 -21.748873 1
0.453109 9.477586 0
21.610139 2.820192 0
15.243302 17.729753 0
-2.807064 2.145453 1
-0.587036 -2.482326 0
-1.763893 0.798961 1
13.699697 -2.121736 1
-16.405884 9.713922 0
-4.459680 -6.500351 0
12.270750 4.435903 1
6.652815 22.828087 0
2.743192 1.842619 1
1.739196 -0.704971 0
3.284661 1.646230 1
-11.868326 -3.939651 0
13.499467 -11.554401 1
-2.423274 -3.694774 0
-7.791230 -19.979322 1
-1.480839 -1.952690 0
1.040212 0.895015 1
1.861936 -0.150245 0
2.994826 3.087416 1
1.706747 1.137139 1
-12.003879 10.437172 0
-6.662151 10.144539 0
-6.269852 3.817640 0
-0.954365 0.657611 1
-1.232806 0.373135 1
-25.513777 -6.187597 1
1.874100 0.856607 1
0.157797 0.015474 1
2.720348 -5.324022 0
1.253472 6.910763 1
-2.099232 2.836819 1
-13.114315 -23.673412 1
-0.522398 -8.109161 0
-7.171396 -7.259950 0
-0.556296 0.033353 1
-14.385997 5.686336 1
-4.271028 -2.640485 0
0.986788 4.874255 1
-19.921092 -5.968558 1
6.327037 -0.218274 1
-9.987097 11.728290 0
-19.009467 -4.063234 1
15.259399 1.833618 1
-21.375125 -3.633423 1
25.127644 11.662840 0
8.360793 8.285607 1
0.559808 -3.946133 0
13.539328 8.978500 0
18.776586 13.863070 0
-1.282819 0.663513 1
-1.063958 5.237917 1
9.282991 -11.369288 1
-10.275753 -3.787193 0
3.775695 4.755686 1
-0.576634 7.699462 1
3.618198 -4.646261 0
2.293934 1.914296 1
12.833745 -8.200994 1
-0.242379 0.093643 1
-14.054733 -22.357702 1
7.932744 2.758563 1
-10.442198 4.688815 0
-9.722268 10.266502 0
-16.623128 -17.351636 1
-0.551584 5.180898 1
-20.997578 -14.392185 1
-12.320668 8.640797 0
-1.710653 -0.860779 0
12.430885 -13.740540 1
-7.254815 22.028766 0
9.271077 -10.471477 1
-2.680285 -4.499416 0
-2.584246 4.164842 1
10.596953 4.107029 1
-9.564779 -5.601203 0
-5.263470 -19.667976 1
-6.977838 -0.291674 0
-11.179734 -21.742228 1
19.375224 21.695487 0
-14.890142 -14.819705 1
11.695878 -1.391329 1
-2.814666 -7.653753 0
-0.199761 -4.789677 0
-9.541854 -14.049896 1
-0.753013 5.594335 1
4.942300 -23.307474 1
1.730310 -4.821014 0
0.684849 -0.031376 0
3.636009 14.372309 0
-2.180372 2.356825 1
1.777005 -0.814120 0
-2.550471 -5.683229 0
-16.441833 1.767272 0
0.223082 -19.753953 1
2.313270 1.329814 1
0.749056 7.051863 1
13.324534 -4.008112 1
-8.961159 14.458243 0
-6.893139 -8.013595 0
2.313955 1.897104 1
-4.374305 14.943210 0
12.252536 -1.293762 1
0.264552 0.019167 1
19.845037 12.904001 0
18.546423 4.042915 0
1.058030 1.279116 1
14.319173 -0.658603 1
1.754473 6.351626 1
0.221085 -15.226370 1
3.486071 -18.665132 1
-10.101951 -17.476239 1
-22.951688 -10.363416 1
8.490939 3.341012 1
2.660756 2.813051 1
-0.732277 -18.000478 1
-2.176322 20.295360 0
11.761506 1.987129 1
-2.419176 1.910180 1
1.508629 6.348028 1
-13.507620 -17.298504 1
-5.246859 -18.585201 1
5.430619 15.750975 0
16.233187 13.536722 0
-2.303895 2.715739 1
-0.290613 5.128608 1
7.326240 14.718879 0
1.702082 -1.510364 0
7.217166 6.048288 1
-9.248344 -8.346468 0
0.532389 -0.116808 1
-12.379727 -11.857447 1
2.313440 1.226656 1
-18.151210 -14.645354 1
2.032965 3.605380 1
0.956369 0.291324 1
3.121207 3.598156 1
2.855196 1.726619 1
-0.165855 0.023814 1
-11.191245 8.523081 0
23.064519 15.746561 0
8.234332 -15.979235 1
1.237196 -20.359401 1
-9.676773 7.814844 0
11.588260 -12.689803 1
-1.665070 1.243164 1
15.645626 -17.426121 1
-1.745895 15.825515 0
-1.459107 -0.279988 0
-23.735565 -13.176611 1
-1.834096 3.169916 1
5.373888 32.559494 0
17.150746 24.266683 0
0.283374 -6.484719 0
8.105465 5.674846 0
-8.949124 -21.122078 1
5.065184 19.570560 0
-19.153561 -3.450198 1
0.041478 2.783019 1
-12.425699 1.546109 0
8.934106 26.608371 0
9.242982 5.840071 1
1.301669 8.928655 0
4.848990 26.691325 0
-6.706298 17.827811 0
-10.312267 -9.832844 1
4.413337 4.168514 1
-0.522249 0.082815 0
27.930848 2.217295 0
2.486303 1.069570 1
-7.984127 28.535508 0
-0.771007 -0.213063 0
3.338765 -5.930844 0
9.385206 -2.221576 1
-12.013437 -2.462809 0
-1.066767 4.531756 1
0.255605 -0.090257 0
-1.690503 -2.589002 0
-14.910419 15.225456 0
0.355617 -0.273856 0
0.126820 0.006357 1
15.084420 14.701153 0
-28.043675 -6.498114 1
-4.874319 -7.673014 0
1.083421 0.508007 1
12.223128 2.125841 1
-19.836443 1.577707 0
6.620880 20.617680 0
-0.483030 -7.460995 0
7.653354 -9.168610 1
15.032735 -14.890168 1
-22.544540 -15.354627 1
-16.838907 3.125804 0
2.157001 1.447940 1
-0.756342 0.087345 0
2.931170 -10.185921 0
6.998577 -12.018362 1
5.415611 -10.355871 1
9.169837 22.270633 0
3.189787 -17.929211 1
6.308555 6.904339 1
3.315772 4.861133 1
1.981876 1.219616 1
-3.540528 22.013538 0
1.765376 1.046214 1
1.733373 -1.093012 0
-1.162171 0.099829 1
11.797559 -3.497337 1
0.916996 -2.705551 0
-7.415692 -26.921986 1
0.351939 -3.517927 0
-3.966585 -8.935393 0
28.323458 5.457178 0
-22.776244 -4.547338 1
-11.956855 -11.618852 1
0.343726 7.698934 1
0.885534 5.432189 1
-0.939330 -1.678180 0
-14.619151 -11.291552 1
2.143109 2.310678 1
11.951459 0.903898 1
8.992587 5.651923 1
1.493020 -1.944597 0
-13.321677 -0.081396 0
-0.108744 0.032783 0
2.543808 -1.722285 0
14.971490 -5.623813 1
3.350924 9.958515 1
1.300855 6.661817 1
1.138838 0.281223 1
2.002535 -5.181744 0
11.264348 15.993212 0
-6.701918 0.408803 0
-10.019418 -15.623677 1
2.450585 2.412264 1
-1.528518 12.300358 0
-1.537520 7.264565 1
-3.657145 -18.502593 1
0.854321 -0.098530 1
-8.793746 8.825666 0
1.039408 -0.064952 0
-3.070831 -5.918640 0
-14.354516 -13.225144 1
-1.668306 -1.213808 0
6.873138 1.946070 1
2.092154 0.168214 1
9.965182 1.958820 1
-8.123904 3.418610 0
13.156249 0.649019 1
1.908250 4.382924 1
-8.300446 8.991099 0
-0.151214 -3.980951 0
-8.368996 -5.396186 0
-1.899604 0.757007 1
-2.223657 3.667805 1
-9.731794 21.604272 0
-6.209002 -9.733361 0
-2.200406 2.657408 1
-0.517011 0.028541 0
-3.714821 -5.856894 0
0.432893 7.287239 1
21.610710 -3.528559 0
-4.282406 -7.096400 0
-0.304249 -16.304702 1
2.202774 -0.372904 0
0.691874 6.369910 1
12.167897 -13.507903 1
17.497028 16.136400 0
-15.276116 4.249939 0
-1.479035 2.306298 1
18.316653 15.468415 0
2.160929 -8.388765 0
-10.396743 -12.585235 1
3.945365 17.255160 0
2.381643 6.515430 1
3.137085 9.804791 1
-12.163096 -1.805872 0
-23.124636 4.797648 0
15.720021 -10.976034 1
-8.954628 -7.964731 0
31.349491 27.276181 0
-9.431307 -15.085892 1
-1.495274 6.689395 1
-5.342850 -8.548792 0
11.898002 1.086736 1
-3.460547 -7.906234 0
-28.159796 -8.675484 1
-4.330187 -17.674313 1
0.536130 28.501519 0
2.160658 3.136020 1
3.317480 3.915398 1
-2.820972 -6.057237 0
-11.415359 8.297473 0
-26.022678 -6.827698 1
23.728091 -1.068735 0
13.382296 -4.754957 1
-6.238164 -7.153690 0
8.746777 -2.044108 1
-0.210260 -6.439200 0
0.659626 -0.422189 0
2.028414 -7.458764 0
-15.986513 9.848533 0
1.934558 4.550538 1
-17.117425 -3.541836 0
15.693565 13.476696 0
31.535467 0.522003 0
7.935225 3.942742 1
11.571770 0.976801 1
-23.196234 1.487325 1
3.115631 4.883747 1
5.294008 -19.619968 1
5.765236 7.870171 1
-0.297427 0.011245 0
-9.038809 13.807904 0
-19.131469 -14.353395 1
-1.935607 2.521410 1
0.440836 -0.042027 0
-3.368844 -1.478489 0
3.818957 6.654849 1
8.780051 9.309857 1
0.841389 0.033227 0
-17.319719 -6.041877 0
-9.554135 0.285507 0
19.895592 11.663334 0
-1.036307 -0.510472 0
-11.448501 12.644739 0
1.246912 -15.688237 1
16.253083 2.625727 0
8.341963 -8.148950 1
0.673468 5.366268 1
-0.104197 -8.537174 0
1.136461 6.049910 1
-9.214235 -6.598953 0
8.973121 7.480358 1
-16.099789 19.739603 0
-5.419636 -10.232259 0
9.798747 2.214780 1
-1.874822 -6.714951 0
-19.160059 -7.679592 1
-2.175164 -4.596812 0
-0.354080 -0.022084 1
30.909528 5.366586 0
-10.907896 -4.372861 0
0.007822 -4.759102 0
-1.162774 6.029573 1
1.754279 -14.726915 1
2.234659 30.548202 0
-2.823715 -2.472280 0
-3.766557 -9.274685 0
-8.089319 -3.189225 0
11.594895 23.208879 0
-0.789445 0.381723 1
4.831351 7.890095 1
-6.162353 -4.673462 0
-11.586080 0.014592 1
-26.860511 4.198166 1
1.095685 -0.885953 0
0.490018 6.159643 1
-8.837601 -25.423987 1
-1.934656 -6.997309 0
-0.655108 6.583099 1
-1.626506 -0.490369 0
19.652185 -3.875995 1
7.951386 -17.161628 1
-0.151699 -5.647012 0
-0.591932 -5.483362 0
8.789564 -7.287176 1
-22.099978 -10.156418 1
9.089192 -2.988206 1
-1.644684 2.425220 1
2.301169 1.808915 1
9.551263 4.347023 1
-1.656465 4.061749 1
-1.638651 0.618775 1
1.840762 3.109242 1
9.489304 -12.122399 1
2.124793 -3.545963 0
-1.672231 -7.560708 0
-0.824739 5.260350 1
-2.636808 -1.104890 0
-7.755513 16.014050 0
13.473985 25.264420 0
-4.934143 -9.576525 0
-7.349705 14.430790 0
-14.097069 1.590020 0
4.054485 21.656714 0
9.052818 -14.145557 1
-3.516523 -7.129807 0
0.771728 -8.644985 0
-10.340319 -23.982097 1
2.490972 2.919363 1
14.398767 -2.040695 1
-2.159911 -3.505547 0
-19.695968 -14.835244 1
-1.535952 -6.266477 0
9.451461 3.322798 1
12.162869 -7.878305 1
10.876123 -15.319739 1
1.799243 0.288625 1
2.082064 4.920676 1
1.332543 -0.049900 0
13.082819 -2.038462 1
-1.926446 3.335160 1
0.894749 -0.235584 0
21.101423 5.344082 0
24.203209 -19.077594 0
8.405081 -17.017755 1
5.042473 8.626364 1
8.947070 9.042650 1
5.438654 18.768088 0
-1.299097 -2.708876 0
-1.115736 -0.342025 0
2.665812 -25.395163 1
2.523836 -1.471713 0
-0.922879 0.008270 0
1.472617 -0.331514 0
14.779998 -0.880408 1
2.503828 4.543798 1
-1.810890 -4.576981 0
15.476957 -1.999220 1
11.479723 19.468638 0
13.267968 -7.111707 1
-1.729477 1.221513 1
6.514610 6.312361 1
-5.808019 -16.596627 1
5.562246 5.320674 1
-10.206526 -2.212882 0
8.046017 7.473020 1
-9.859699 -0.681478 0
-4.387768 -16.187239 1
8.382574 23.144296 0
11.259872 -5.045368 1
-2.908348 -2.017013 0
-0.713022 0.112636 1
1.809478 -1.998953 0
1.891396 -2.569254 0
0.753724 -2.517160 0
-13.307763 -19.661922 1
2.463721 4.907584 1
-0.106584 -0.007168 1
1.508336 -7.262356 0
4.992760 7.080203 1
-20.378866 -21.307957 1
4.609072 7.191867 1
22.937710 -0.529668 0
9.803886 3.801283 1
0.177176 8.438083 1
10.701569 15.391291 0
-8.223775 -10.338922 0
2.958010 -5.183829 0
-0.963295 0.411736 1
5.341251 -20.787297 1
-6.457686 -7.978442 0
1.094392 0.943883 1
-0.868542 0.386022 1
15.996935 21.595973 0
-23.930775 -1.339327 1
-1.862946 -1.184985 0
0.786011 -0.143643 0
28.021530 8.833397 0
-1.161973 -4.973109 0
-2.117305 -2.890048 0
1.230861 -2.600978 0
-17.627273 -13.823787 1
1.638652 0.583503 1
5.192624 -18.857272 1
-22.646826 -10.082532 1
-2.796207 2.052239 1
-16.108261 -16.971744 1
0.266753 -4.685878 0
-35.122401 -1.646141 1
34.094569 1.754492 0
-7.325284 6.289121 0
-2.251523 -3.594007 0
-9.782668 -6.470084 0
29.992696 23.969540 0
-13.910028 18.155530 0
-11.083788 -1.096607 0
29.723413 1.035696 0
2.856362 20.965816 0
2.179970 -3.597474 0
-0.819547 -0.135557 0
10.676214 1.886553 1
6.321233 -14.582200 1
-0.469575 0.019375 1
19.726189 4.922272 0
-25.457185 -11.304740 1
-17.486463 0.990145 0
-1.125184 -0.620033 0
12.736177 19.278897 0
-12.714663 -16.663392 1
13.688180 -5.628207 1
-1.447532 -5.328204 0
2.823689 -5.003279 0
-0.436384 0.250303 1
-30.513781 1.561280 1
4.772584 6.099011 1
-7.366574 -4.860418 0
-16.726461 -13.185637 1
4.606865 9.106152 1
0.447894 0.062096 0
2.073982 2.193187 1
2.179818 -0.634075 0
-1.883720 20.626454 0
-2.319640 -3.117297 0
-1.829874 2.366890 1
-1.834009 -12.970579 1
-5.301462 -8.307545 0
-1.092802 -7.144667 0
9.030437 -7.102973 1
-1.849864 1.167219 1
2.597309 -1.642940 0
-1.295382 0.734143 1
12.081324 0.467111 1
2.700320 12.949609 0
-10.202071 -22.919082 1
-0.855868 4.311051 1
0.970882 0.520080 1
8.690041 3.422500 1
0.640642 0.030296 1
-2.396011 1.741547 1
-8.847680 11.494274 0
0.746028 0.045832 1
0.544515 -4.828270 0
1.658796 -3.275477 0
-11.795973 -2.076163 0
20.786499 8.679792 0
-2.209602 -2.444364 0
11.595357 2.867599 1
-1.871771 2.621268 1
-2.343649 4.757727 1
-0.244826 -6.565229 0
1.619743 -3.655062 0
-12.514607 -11.148537 1
-0.273305 3.956806 1
-1.278379 -0.702558 0
-7.151514 -2.447553 0
-12.624083 -0.752743 0
-12.356206 -6.402886 0
-1.043057 -6.725871 0
-1.075611 23.665541 0
3.368214 4.859601 1
0.628842 0.043234 0
-25.499760 -12.496520 1
10.342870 6.291287 1
19.654502 12.502685 0
1.845740 -3.071478 0
0.367904 4.647756 1
2.596956 -6.848965 0
1.245129 -4.092258 0
1.448960 -16.697429 1
2.346882 2.572177 1
12.742488 0.242519 1
19.716248 26.120305 0
8.762725 -19.064249 1
1.853522 4.310554 1
-1.023576 -0.569178 0
-13.325574 -26.563408 1
-2.441206 -4.148710 0
-0.463700 -0.091190 0
0.712302 15.263072 0
11.251476 -7.647751 1
-14.589747 1.270607 0
-5.652208 27.560375 0
-3.151713 9.674382 0
10.168747 7.561881 1
-1.773331 -4.141109 0
3.545318 3.602016 1
-11.320736 13.950056 0
15.224614 14.901447 0
-6.484636 1.700872 0
-13.849626 5.413069 0
-8.583233 20.994843 0
-3.592049 -1.982189 0
-3.918087 -5.969880 0
13.658999 -8.386618 1
-0.043610 0.013672 1
0.880442 -7.171342 0
2.260885 -2.697916 0
-11.864885 -8.307972 0
1.045573 -4.654455 0
-2.881698 -18.232658 1
-2.162731 4.993429 1
-3.193514 -18.160714 1
6.895712 -14.771154 1
-1.324630 -9.239773 0
-0.889194 -5.115079 0
-27.676362 -22.481096 1
9.965656 -12.522395 1
-1.057466 0.648880 1
-0.895082 5.632137 1
-1.159737 0.402927 1
-11.516318 -28.091564 1
1.665661 -0.027522 1
21.179527 19.306573 0
13.856516 6.436407 0
0.045692 -0.015127 0
-1.422656 -0.999318 0
-1.950448 0.700284 1
2.065742 -6.896515 0
1.125495 0.219754 1
2.124526 3.977273 1
13.764432 12.219007 0
-0.553933 0.503616 1
3.401631 6.769872 1
-1.267199 -3.342366 0
-12.973350 14.319075 0
-2.227458 -9.128954 0
-10.643094 -12.380665 1
-6.767815 -8.103165 0
-4.227891 17.954219 0
-9.473318 3.389725 0
-2.857627 -1.083216 0
11.131173 2.188668 1
4.973310 6.987208 1
-17.797357 3.844190 0
0.604870 0.098580 1
1.935535 -2.822547 0
10.327513 2.526092 1
2.034329 0.890575 1
4.262849 -2.183237 0
0.359096 -0.136757 1
4.244266 -3.782050 0
1.272095 -1.335674 0
-6.028330 -5.316884 0
9.140567 0.143720 1
0.242283 -0.064854 1
-7.013220 -6.561905 0
1.401815 4.070617 1
-12.693066 6.861540 0
-4.658075 -6.902651 0
2.974370 7.698170 1
-1.525479 -5.306554 0
2.041130 3.850788 1
0.013078 7.837758 1
0.326032 6.753116 1
2.582519 1.667077 1
-2.408764 -2.590703 0
-0.736338 -7.020230 0
-27.144172 -0.722892 1
-11.962425 -14.399040 1
-9.156798 11.184734 0
1.775016 2.608956 1
-1.907816 0.471827 1
0.967885 5.603510 1
1.620622 1.001076 1
-11.356620 10.979038 0
-1.580634 -0.358085 0
-15.388900 4.301357 0
-0.990752 -1.845057 0
-11.140206 5.834298 0
1.387034 -0.142048 1
-9.873605 -19.567112 1
-2.903178 -11.314042 0
0.055563 -23.123137 1
12.568186 22.290106 0
12.238273 -3.497041 1
-19.652810 6.793995 1
0.085725 4.284989 1
-3.010472 -24.384472 1
1.150409 3.072348 1
-0.965532 0.545123 1
-2.437703 -1.776682 0
-0.329489 0.156987 0
-3.320220 -2.326433 0
16.028640 15.002217 0
15.819359 -1.132968 1
7.862783 4.389265 0
20.350552 8.260940 0
13.394783 -1.268405 1
-15.583535 -15.635378 1
1.192874 -0.595913 0
0.243427 -0.099466 0
6.660749 -19.432210 1
-15.471109 1.608689 0
8.094687 -8.521027 1
-0.696347 0.347171 1
2.057491 6.358320 1
1.017069 -0.362731 0
15.967242 -6.764139 1
5.645368 -15.330884 1
-0.837844 17.045408 0
-2.661129 -2.919780 0
1.423981 -0.893344 0
14.495888 -11.850393 1
-0.136818 -5.674550 0
-6.939274 -7.919232 0
10.500984 -1.037800 1
-1.379920 4.544481 1
2.297791 -2.848632 0
-0.540000 0.012322 0
13.457184 8.646687 0
-0.724672 20.312684 0
-11.672186 2.237081 0
-16.321050 -14.887105 1
3.809824 -16.340912 1
-4.453549 -20.600115 1
-1.010198 -0.896098 0
-5.293062 -5.418228 0
-0.688367 -11.811630 1
-13.424218 -2.264393 0
-5.639809 4.454236 0
0.000000 0.000000 0
-13.729380 14.285808 0
7.877769 24.342856 0
-16.495102 17.018366 0
1.610494 16.788691 0
-2.355185 3.927118 1
2.805786 -23.184951 1
-13.461782 15.852064 0
-2.347272 -0.849383 0
1.783466 -3.764032 0
-2.417062 3.547840 1
9.976695 3.102165 1
-0.853846 -0.597773 0
2.083000 -6.540800 0
-0.973286 -0.389775 0
-8.306131 1.738449 0
-0.823780 -0.700442 0
-9.076998 -7.856677 0
5.979044 -16.795237 1
1.885725 -15.337416 1
1.975354 -20.266589 1
12.010894 5.989799 1
2.189639 1.531685 1
-12.343969 4.003682 0
-6.002482 -22.698052 1
-15.041423 5.208419 0
3.188980 17.895068 0
10.895367 -7.273107 1
1.466097 -2.342193 0
-2.441822 -8.384495 0
-6.406068 -2.235501 0
2.656471 -0.562293 0
-1.160027 -0.596198 0
0.390667 -7.274603 0
-1.564976 0.609320 1
-0.222716 0.093522 0
-12.320940 5.534413 0
6.790624 5.134569 1
9.177151 4.578493 1
10.472166 -9.315329 1
15.032216 0.111715 0
11.364881 10.654473 0
-3.222598 -7.267988 0
4.175027 -17.567949 1
-0.053490 0.001624 0
33.164087 3.485306 0
19.152041 11.643684 0
-2.681746 15.248623 0
-9.140120 -2.532580 0
11.654695 -5.363486 1
-10.965040 7.770733 0
-11.849297 15.911642 0
9.506320 14.739488 0
1.191521 -0.972217 0
4.292338 7.550944 1
9.035571 4.747036 1
0.071414 -0.004352 1
-1.552506 4.784603 1
2.203461 3.484415 1
-3.801576 -3.604126 0
21.062736 27.714464 0
1.478771 -0.957905 0
0.479963 7.481763 1
-0.237873 7.680732 1
-2.308899 -5.320369 0
2.173170 -1.254585 0
7.195554 -19.641189 1
-3.220769 -5.131449 0
-1.577652 -0.213683 0
0.744834 5.704671 1
2.196224 3.245591 1
0.914395 0.044750 1
2.382710 -2.030403 0
20.796016 17.556649 0
-2.028612 14.418155 0
2.724335 1.830866 1
-0.446962 6.619931 1
2.455697 6.075773 1
5.349132 16.555451 0
1.989074 7.976868 1
1.354978 0.024297 0
7.862668 -6.741012 1
-8.998072 -11.873541 1
1.184953 1.127029 1
-2.777956 1.788773 1
-0.649553 -0.210407 0
11.132894 -2.834128 1
-27.778346 -1.743758 1
6.846595 7.170275 1
-0.202017 -4.574601 0
-0.763277 -6.359218 0
-0.853148 -8.275093 0
13.729547 2.858152 1
-7.966522 16.648733 0
7.943516 6.420963 1
-6.359885 -3.686718 0
-19.796021 4.623933 1
-7.589651 -11.194286 0
2.464381 6.841251 1
12.049020 -12.462846 1
14.291454 0.884499 1
0.000000 0.000000 1
-3.067317 3.752035 1
8.504365 7.920694 1
-18.098252 -11.819489 1
0.432993 5.414067 1
0.386658 5.306570 1
-1.424079 -1.288912 0
-3.814403 -5.489632 0
22.645504 18.434389 0
10.013757 -8.838435 1
-2.073420 0.638514 1
5.690493 7.177113 1
-0.138633 5.015149 1
-5.031251 -6.446821 0
-20.807672 -8.086451 1
-13.059452 -0.170495 0
8.479258 4.967409 1
-2.056125 -1.442021 0
1.692233 14.261118 0
0.789116 0.351747 1
-5.334902 16.350054 0
